LOAN_SEQUENCE_NUMBER|MONTHLY_REPORTING_PERIOD|CURRENT_ACTUAL_UPB|CURRENT_LOAN_DELIQUENCY_STATUS|LOAN_AGE|REMAINING_MONTHS_TO_LEGAL_MATURITY|REPURCHASE_FLAG
F09Q10000006|200902|123000.0|0|0|180|
F09Q10000006|200903|123000.0|0|1|179|
F09Q10000006|200904|122000.0|0|2|178|
F09Q10000006|200905|122000.0|0|3|177|
F09Q10000006|200906|121000.0|0|4|176|
F09Q10000006|200907|121000.0|0|5|175|
F09Q10000006|200908|121000.0|0|6|174|
F09Q10000006|200909|119705.06|0|7|173|
F09Q10000006|200910|119226.67|0|8|172|
F09Q10000006|200911|119226.67|0|9|171|
F09Q10000006|200912|118264.06|0|10|170|
F09Q10000006|201001|117779.82|0|11|169|
F09Q10000006|201002|117779.82|0|12|168|
F09Q10000006|201003|116805.43|0|13|167|
F09Q10000006|201004|116315.26|0|14|166|
F09Q10000006|201005|116315.26|0|15|165|
F09Q10000006|201006|115328.94|0|16|164|
F09Q10000006|201007|0.0|0|17|163|N
F09Q10000012|200902|124000.0|0|0|360|
F09Q10000012|200903|124000.0|0|1|359|
F09Q10000012|200904|124000.0|0|2|358|
F09Q10000012|200905|124000.0|0|3|357|
F09Q10000012|200906|123000.0|0|4|356|
F09Q10000012|200907|123000.0|0|5|355|
F09Q10000012|200908|123000.0|0|6|354|
F09Q10000012|200909|122919.63|0|7|353|
F09Q10000012|200910|122762.77|0|8|352|
F09Q10000012|200911|122605.27|0|9|351|
F09Q10000012|200912|122447.13|0|10|350|
F09Q10000012|201001|122288.35|0|11|349|
F09Q10000012|201002|122128.93|0|12|348|
F09Q10000012|201003|121968.86|0|13|347|
F09Q10000012|201004|121808.14|0|14|346|
F09Q10000012|201005|121646.77|0|15|345|
F09Q10000012|201006|121484.74|0|16|344|
F09Q10000012|201007|121322.05|0|17|343|
F09Q10000012|201008|121158.7|0|18|342|
F09Q10000012|201009|120994.69|0|19|341|
F09Q10000012|201010|120830.01|0|20|340|
F09Q10000012|201011|120664.66|0|21|339|
F09Q10000012|201012|120498.64|0|22|338|
F09Q10000012|201101|120331.95|0|23|337|
F09Q10000012|201102|120164.58|0|24|336|
F09Q10000012|201103|119996.53|0|25|335|
F09Q10000012|201104|119827.8|0|26|334|
F09Q10000012|201105|119658.38|0|27|333|
F09Q10000012|201106|119488.27|0|28|332|
F09Q10000012|201107|119317.47|0|29|331|
F09Q10000012|201108|119145.98|0|30|330|
F09Q10000012|201109|118973.79|0|31|329|
F09Q10000012|201110|0.0|0|32|328|N
F09Q10000017|200904|117000.0|0|0|360|
F09Q10000017|200905|117000.0|0|1|359|
F09Q10000017|200906|117000.0|0|2|358|
F09Q10000017|200907|117000.0|0|3|357|
F09Q10000017|200908|117000.0|0|4|356|
F09Q10000017|200909|117000.0|0|5|355|
F09Q10000017|200910|116000.0|0|6|354|
F09Q10000017|200911|115852.38|0|7|353|
F09Q10000017|200912|115711.69|0|8|352|
F09Q10000017|201001|115570.74|0|9|351|
F09Q10000017|201002|115428.83|0|10|350|
F09Q10000017|201003|115286.16|0|11|349|
F09Q10000017|201004|115142.96|0|12|348|
F09Q10000017|201005|114606.46|0|13|347|
F09Q10000017|201006|114460.25|0|14|346|
F09Q10000017|201007|114313.8|0|15|345|
F09Q10000017|201008|114166.39|0|16|344|
F09Q10000017|201009|114018.3|0|17|343|
F09Q10000017|201010|113869.43|0|18|342|
F09Q10000017|201011|113325.7|0|19|341|
F09Q10000017|201012|113173.97|0|20|340|
F09Q10000017|201101|113021.9|0|21|339|
F09Q10000017|201102|112868.79|0|22|338|
F09Q10000017|201103|112714.89|0|23|337|
F09Q10000017|201104|112560.41|0|24|336|
F09Q10000017|201105|112010.96|0|25|335|
F09Q10000017|201106|111853.42|0|26|334|
F09Q10000017|201107|111695.56|0|27|333|
F09Q10000017|201108|111536.67|0|28|332|
F09Q10000017|201109|111377.03|0|29|331|
F09Q10000017|201110|110822.91|0|30|330|
F09Q10000017|201111|110660.15|0|31|329|
F09Q10000017|201112|110496.8|0|32|328|
F09Q10000017|201201|110333.0|0|33|327|
F09Q10000017|201202|110168.12|0|34|326|
F09Q10000017|201203|110002.37|0|35|325|
F09Q10000017|201204|109442.21|0|36|324|
F09Q10000017|201205|109273.44|0|37|323|
F09Q10000017|201206|109104.29|0|38|322|
F09Q10000017|201207|108934.06|0|39|321|
F09Q10000017|201208|108763.06|0|40|320|
F09Q10000017|201209|108181.7|0|41|319|
F09Q10000017|201210|108007.35|0|42|318|
F09Q10000017|201211|107832.66|0|43|317|
F09Q10000017|201212|107656.87|0|44|316|
F09Q10000017|201301|107480.35|0|45|315|
F09Q10000017|201302|107302.87|0|46|314|
F09Q10000017|201303|107124.56|0|47|313|
F09Q10000017|201304|106535.92|0|48|312|
F09Q10000017|201305|106354.38|0|49|311|
F09Q10000017|201306|106172.45|0|50|310|
F09Q10000017|201307|105989.28|0|51|309|
F09Q10000017|201308|105805.19|0|52|308|
F09Q10000017|201309|105135.91|0|53|307|
F09Q10000017|201310|104948.21|0|54|306|
F09Q10000017|201311|104760.13|0|55|305|
F09Q10000017|201312|104570.81|0|56|304|
F09Q10000017|201401|104380.64|0|57|303|
F09Q10000017|201402|103705.15|0|58|302|
F09Q10000017|201403|103511.21|0|59|301|
F09Q10000017|201404|103316.46|0|60|300|
F09Q10000017|201405|103121.24|0|61|299|
F09Q10000017|201406|102924.83|0|62|298|
F09Q10000017|201407|102727.51|0|63|297|
F09Q10000017|201408|102529.22|0|64|296|
F09Q10000017|201409|101902.6|0|65|295|
F09Q10000017|201410|101700.82|0|66|294|
F09Q10000017|201411|101498.53|0|67|293|
F09Q10000017|201412|101294.97|0|68|292|
F09Q10000017|201501|101090.42|0|69|291|
F09Q10000017|201502|100457.59|0|70|290|
F09Q10000017|201503|100249.51|0|71|289|
F09Q10000017|201504|100040.54|0|72|288|
F09Q10000017|201505|99830.99|0|73|287|
F09Q10000017|201506|99620.14|0|74|286|
F09Q10000017|201507|99408.29|0|75|285|
F09Q10000017|201508|98725.99|0|76|284|
F09Q10000017|201509|98510.23|0|77|283|
F09Q10000017|201510|98293.98|0|78|282|
F09Q10000017|201511|98076.42|0|79|281|
F09Q10000017|201512|97857.85|0|80|280|
F09Q10000017|201601|97638.21|0|81|279|
F09Q10000017|201602|96948.02|0|82|278|
F09Q10000017|201603|96724.56|0|83|277|
F09Q10000017|201604|96500.5|0|84|276|
F09Q10000017|201605|96275.06|0|85|275|
F09Q10000017|201606|95932.57|0|86|274|
F09Q10000017|201607|95588.42|0|87|273|
F09Q10000017|201608|94773.22|0|88|272|
F09Q10000017|201609|94424.58|0|89|271|
F09Q10000017|201610|94073.98|0|90|270|
F09Q10000017|201611|93721.9|0|91|269|
F09Q10000017|201612|93368.08|0|92|268|
F09Q10000017|201701|92543.25|0|93|267|
F09Q10000017|201702|92184.4|0|94|266|
F09Q10000017|201703|91824.13|0|95|265|
F09Q10000017|201704|91462.59|0|96|264|
F09Q10000017|201705|91138.64|0|97|263|
F09Q10000017|201706|90813.15|0|98|262|
F09Q10000017|201707|90016.76|0|99|261|
F09Q10000017|201708|89686.44|0|100|260|
F09Q10000017|201709|89431.64|0|101|259|
F09Q10000017|201710|89098.82|0|102|258|
F09Q10000017|201711|88764.53|0|103|257|
F09Q10000017|201712|88428.61|0|104|256|
F09Q10000017|201801|87621.68|0|105|255|
F09Q10000017|201802|87281.34|0|106|254|
F09Q10000017|201803|86939.08|0|107|253|
F09Q10000017|201804|86595.45|0|108|252|
F09Q10000017|201805|86327.13|0|109|251|
F09Q10000017|201806|86057.63|0|110|250|
F09Q10000017|201807|85316.84|0|111|249|
F09Q10000017|201808|85042.4|0|112|248|
F09Q10000017|201809|84767.28|0|113|247|
F09Q10000017|201810|84490.52|0|114|246|
F09Q10000017|201811|84212.42|0|115|245|
F09Q10000017|201812|0.0|0|116|244|N
F09Q10000018|200904|110000.0|0|0|180|
F09Q10000018|200905|110000.0|0|1|179|
F09Q10000018|200906|109000.0|0|2|178|
F09Q10000018|200907|109000.0|0|3|177|
F09Q10000018|200908|108000.0|0|4|176|
F09Q10000018|200909|108000.0|0|5|175|
F09Q10000018|200910|107000.0|0|6|174|
F09Q10000018|200911|106963.09|0|7|173|
F09Q10000018|200912|106522.71|0|8|172|
F09Q10000018|201001|106080.68|0|9|171|
F09Q10000018|201002|105636.99|0|10|170|
F09Q10000018|201003|105191.64|0|11|169|
F09Q10000018|201004|104744.62|0|12|168|
F09Q10000018|201005|104295.92|0|13|167|
F09Q10000018|201006|103845.54|0|14|166|
F09Q10000018|201007|103393.47|0|15|165|
F09Q10000018|201008|102939.71|0|16|164|
F09Q10000018|201009|102484.24|0|17|163|
F09Q10000018|201010|102027.07|0|18|162|
F09Q10000018|201011|0.0|0|19|161|N
F09Q10000021|200902|185000.0|0|0|360|
F09Q10000021|200903|184000.0|0|1|359|
F09Q10000021|200904|184000.0|0|2|358|
F09Q10000021|200905|183000.0|0|3|357|
F09Q10000021|200906|183000.0|0|4|356|
F09Q10000021|200907|182000.0|0|5|355|
F09Q10000021|200908|182000.0|0|6|354|
F09Q10000021|200909|181384.67|0|7|353|
F09Q10000021|200910|180859.33|0|8|352|
F09Q10000021|200911|180331.75|0|9|351|
F09Q10000021|200912|179801.92|0|10|350|
F09Q10000021|201001|179269.82|0|11|349|
F09Q10000021|201002|178735.45|0|12|348|
F09Q10000021|201003|178198.8|0|13|347|
F09Q10000021|201004|177659.86|0|14|346|
F09Q10000021|201005|177318.62|0|15|345|
F09Q10000021|201006|176975.92|0|16|344|
F09Q10000021|201007|176631.75|0|17|343|
F09Q10000021|201008|176286.11|0|18|342|
F09Q10000021|201009|175939.0|0|19|341|
F09Q10000021|201010|175590.41|0|20|340|
F09Q10000021|201011|175240.33|0|21|339|
F09Q10000021|201012|174888.75|0|22|338|
F09Q10000021|201101|174535.67|0|23|337|
F09Q10000021|201102|174181.08|0|24|336|
F09Q10000021|201103|173824.98|0|25|335|
F09Q10000021|201104|173467.36|0|26|334|
F09Q10000021|201105|173108.21|0|27|333|
F09Q10000021|201106|172747.53|0|28|332|
F09Q10000021|201107|172385.31|0|29|331|
F09Q10000021|201108|172021.54|0|30|330|
F09Q10000021|201109|171656.22|0|31|329|
F09Q10000021|201110|171289.34|0|32|328|
F09Q10000021|201111|170920.89|0|33|327|
F09Q10000021|201112|170550.86|0|34|326|
F09Q10000021|201201|170179.25|0|35|325|
F09Q10000021|201202|169806.06|0|36|324|
F09Q10000021|201203|169431.27|0|37|323|
F09Q10000021|201204|169054.88|0|38|322|
F09Q10000021|201205|168676.89|0|39|321|
F09Q10000021|201206|168297.28|0|40|320|
F09Q10000021|201207|167916.05|0|41|319|
F09Q10000021|201208|167533.19|0|42|318|
F09Q10000021|201209|167148.7|0|43|317|
F09Q10000021|201210|166762.56|0|44|316|
F09Q10000021|201211|166374.78|0|45|315|
F09Q10000021|201212|165985.34|0|46|314|
F09Q10000021|201301|165686.93|0|47|313|
F09Q10000021|201302|165201.86|0|48|312|
F09Q10000021|201303|164807.41|0|49|311|
F09Q10000021|201304|164411.27|0|50|310|
F09Q10000021|201305|164013.44|0|51|309|
F09Q10000021|201306|163613.91|0|52|308|
F09Q10000021|201307|163212.68|0|53|307|
F09Q10000021|201308|162809.73|0|54|306|
F09Q10000021|201309|162405.06|0|55|305|
F09Q10000021|201310|161998.66|0|56|304|
F09Q10000021|201311|161590.53|0|57|303|
F09Q10000021|201312|161180.66|0|58|302|
F09Q10000021|201401|160769.04|0|59|301|
F09Q10000021|201402|160355.66|0|60|300|
F09Q10000021|201403|159940.51|0|61|299|
F09Q10000021|201404|159523.59|0|62|298|
F09Q10000021|201405|159104.89|0|63|297|
F09Q10000021|201406|158684.4|0|64|296|
F09Q10000021|201407|158262.11|0|65|295|
F09Q10000021|201408|157838.02|0|66|294|
F09Q10000021|201409|0.0|0|67|293|N
F09Q10000022|200902|98000.0|0|0|361|
F09Q10000022|200903|98000.0|0|1|360|
F09Q10000022|200904|98000.0|0|2|359|
F09Q10000022|200905|98000.0|0|3|358|
F09Q10000022|200906|98000.0|0|4|357|
F09Q10000022|200907|98000.0|0|5|356|
F09Q10000022|200908|97000.0|0|6|355|
F09Q10000022|200909|97299.88|0|7|354|
F09Q10000022|200910|97299.88|0|8|353|
F09Q10000022|200911|97029.27|0|9|352|
F09Q10000022|200912|96893.22|0|10|351|
F09Q10000022|201001|96756.68|0|11|350|
F09Q10000022|201002|96619.64|0|12|349|
F09Q10000022|201003|96619.64|0|13|348|
F09Q10000022|201004|96482.1|0|14|347|
F09Q10000022|201005|96344.06|0|15|346|
F09Q10000022|201006|96065.99|0|16|345|
F09Q10000022|201007|95926.43|0|17|344|
F09Q10000022|201008|95786.36|0|18|343|
F09Q10000022|201009|95645.78|0|19|342|
F09Q10000022|201010|95480.2|0|20|341|
F09Q10000022|201011|95480.2|0|21|340|
F09Q10000022|201012|95338.5|0|22|339|
F09Q10000022|201101|95052.62|0|23|338|
F09Q10000022|201102|94909.37|0|24|337|
F09Q10000022|201103|94765.59|0|25|336|
F09Q10000022|201104|94621.29|0|26|335|
F09Q10000022|201105|94476.46|0|27|334|
F09Q10000022|201106|94327.01|0|28|333|
F09Q10000022|201107|94181.11|0|29|332|
F09Q10000022|201108|94034.68|0|30|331|
F09Q10000022|201109|93887.71|0|31|330|
F09Q10000022|201110|93740.21|0|32|329|
F09Q10000022|201111|93592.17|0|33|328|
F09Q10000022|201112|93443.59|0|34|327|
F09Q10000022|201201|93294.47|0|35|326|
F09Q10000022|201202|93140.71|0|36|325|
F09Q10000022|201203|92990.49|0|37|324|
F09Q10000022|201204|92839.72|0|38|323|
F09Q10000022|201205|92688.4|0|39|322|
F09Q10000022|201206|92536.51|0|40|321|
F09Q10000022|201207|92376.24|0|41|320|
F09Q10000022|201208|92223.23|0|42|319|
F09Q10000022|201209|92223.23|0|43|318|
F09Q10000022|201210|91899.82|0|44|317|
F09Q10000022|201211|91745.07|0|45|316|
F09Q10000022|201212|91745.07|0|46|315|
F09Q10000022|201301|91418.17|0|47|314|
F09Q10000022|201302|91261.67|0|48|313|
F09Q10000022|201303|91104.59|0|49|312|
F09Q10000022|201304|91104.59|0|50|311|
F09Q10000022|201305|90788.72|0|51|310|
F09Q10000022|201306|90629.92|0|52|309|
F09Q10000022|201307|90470.54|0|53|308|
F09Q10000022|201308|90310.58|0|54|307|
F09Q10000022|201309|90310.58|0|55|306|
F09Q10000022|201310|90150.04|0|56|305|
F09Q10000022|201311|89826.15|0|57|304|
F09Q10000022|201312|89826.15|0|58|303|
F09Q10000022|201401|89663.84|0|59|302|
F09Q10000022|201402|89500.94|0|60|301|
F09Q10000022|201403|89337.45|0|61|300|
F09Q10000022|201404|89173.36|0|62|299|
F09Q10000022|201405|88842.48|0|63|298|
F09Q10000022|201406|88842.48|0|64|297|
F09Q10000022|201407|88676.58|0|65|296|
F09Q10000022|201408|88506.08|0|66|295|
F09Q10000022|201409|88330.45|0|67|294|
F09Q10000022|201410|88154.18|0|68|293|
F09Q10000022|201411|87977.27|0|69|292|
F09Q10000022|201412|87779.71|0|70|291|
F09Q10000022|201501|87609.94|0|71|290|
F09Q10000022|201502|87439.1|0|72|289|
F09Q10000022|201503|87268.09|0|73|288|
F09Q10000022|201504|87083.99|0|74|287|
F09Q10000022|201505|86712.88|0|75|286|
F09Q10000022|201506|86526.31|0|76|285|
F09Q10000022|201507|86526.31|0|77|284|
F09Q10000022|201508|86339.06|0|78|283|
F09Q10000022|201509|86151.13|0|79|282|
F09Q10000022|201510|85767.07|0|80|281|
F09Q10000022|201511|85767.07|0|81|280|
F09Q10000022|201512|85380.21|0|82|279|
F09Q10000022|201601|85380.21|0|83|278|
F09Q10000022|201602|85185.72|0|84|277|
F09Q10000022|201603|84990.52|0|85|276|
F09Q10000022|201604|84799.89|0|86|275|
F09Q10000022|201605|84608.57|0|87|274|
F09Q10000022|201606|84416.55|0|88|273|
F09Q10000022|201607|84030.41|0|89|272|
F09Q10000022|201608|84030.41|0|90|271|
F09Q10000022|201609|83836.28|0|91|270|
F09Q10000022|201610|83641.44|0|92|269|
F09Q10000022|201611|83445.89|0|93|268|
F09Q10000022|201612|83249.63|0|94|267|
F09Q10000022|201701|83052.65|0|95|266|
F09Q10000022|201702|82854.96|0|96|265|
F09Q10000022|201703|82656.55|0|97|264|
F09Q10000022|201704|82468.1|0|98|263|
F09Q10000022|201705|82275.78|0|99|262|
F09Q10000022|201706|81889.04|0|100|261|
F09Q10000022|201707|81889.04|0|101|260|
F09Q10000022|201708|81694.61|0|102|259|
F09Q10000022|201709|81303.62|0|103|258|
F09Q10000022|201710|81303.62|0|104|257|
F09Q10000022|201711|81107.06|0|105|256|
F09Q10000022|201712|80711.78|0|106|255|
F09Q10000022|201801|80711.78|0|107|254|
F09Q10000022|201802|80513.06|0|108|253|
F09Q10000022|201803|80313.62|0|109|252|
F09Q10000022|201804|80091.5|0|110|251|
F09Q10000022|201805|79888.57|0|111|250|
F09Q10000022|201806|79480.49|0|112|249|
F09Q10000022|201807|79480.49|0|113|248|
F09Q10000022|201808|79069.42|0|114|247|
F09Q10000022|201809|79069.42|0|115|246|
F09Q10000022|201810|78862.76|0|116|245|
F09Q10000022|201811|78660.48|0|117|244|
F09Q10000022|201812|78452.33|0|118|243|
F09Q10000022|201901|78243.42|0|119|242|
F09Q10000022|201902|77824.64|0|120|241|
F09Q10000022|201903|77824.64|0|121|240|
F09Q10000022|201904|77614.51|0|122|239|
F09Q10000022|201905|77191.94|0|123|238|
F09Q10000022|201906|76979.5|0|124|237|
F09Q10000022|201907|76766.28|0|125|236|
F09Q10000022|201908|76552.29|0|126|235|
F09Q10000022|201909|76337.52|0|127|234|
F09Q10000022|201910|76121.96|0|128|233|
F09Q10000022|201911|75905.62|0|129|232|
F09Q10000022|201912|75688.49|0|130|231|
F09Q10000022|202001|75470.57|0|131|230|
F09Q10000022|202002|75251.85|0|132|229|
F09Q10000022|202003|75023.14|0|133|228|
F09Q10000022|202004|74793.59|0|134|227|
F09Q10000022|202005|74563.2|0|135|226|
F09Q10000022|202006|74331.97|0|136|225|
F09Q10000022|202007|74099.9|0|137|224|
F09Q10000022|202008|73866.99|0|138|223|
F09Q10000022|202009|73633.23|0|139|222|
F09Q10000022|202010|73398.61|0|140|221|
F09Q10000022|202011|73163.14|0|141|220|
F09Q10000022|202012|72926.81|0|142|219|
F09Q10000022|202101|72689.62|0|143|218|
F09Q10000022|202102|72451.56|0|144|217|
F09Q10000022|202103|72212.43|0|145|216|
F09Q10000028|200903|338000.0|0|0|240|
F09Q10000028|200904|338000.0|0|1|239|
F09Q10000028|200905|337000.0|0|2|238|
F09Q10000028|200906|336000.0|0|3|237|
F09Q10000028|200907|335000.0|0|4|236|
F09Q10000028|200908|334000.0|0|5|235|
F09Q10000028|200909|333000.0|0|6|234|
F09Q10000028|200910|332481.58|0|7|233|
F09Q10000028|200911|331622.3|0|8|232|
F09Q10000028|200912|330759.53|0|9|231|
F09Q10000028|201001|329893.25|0|10|230|
F09Q10000028|201002|329023.45|0|11|229|
F09Q10000028|201003|328150.12|0|12|228|
F09Q10000028|201004|327273.24|0|13|227|
F09Q10000028|201005|326392.8|0|14|226|
F09Q10000028|201006|325508.78|0|15|225|
F09Q10000028|201007|324621.17|0|16|224|
F09Q10000028|201008|323729.95|0|17|223|
F09Q10000028|201009|322835.11|0|18|222|
F09Q10000028|201010|321936.64|0|19|221|
F09Q10000028|201011|321034.52|0|20|220|
F09Q10000028|201012|320128.73|0|21|219|
F09Q10000028|201101|319219.26|0|22|218|
F09Q10000028|201102|318306.1|0|23|217|
F09Q10000028|201103|317389.23|0|24|216|
F09Q10000028|201104|316468.63|0|25|215|
F09Q10000028|201105|315544.29|0|26|214|
F09Q10000028|201106|314616.2|0|27|213|
F09Q10000028|201107|313684.34|0|28|212|
F09Q10000028|201108|312748.69|0|29|211|
F09Q10000028|201109|311809.24|0|30|210|
F09Q10000028|201110|310865.98|0|31|209|
F09Q10000028|201111|309918.88|0|32|208|
F09Q10000028|201112|308967.94|0|33|207|
F09Q10000028|201201|308013.13|0|34|206|
F09Q10000028|201202|307054.44|0|35|205|
F09Q10000028|201203|306091.86|0|36|204|
F09Q10000028|201204|305125.37|0|37|203|
F09Q10000028|201205|304154.95|0|38|202|
F09Q10000028|201206|303180.59|0|39|201|
F09Q10000028|201207|302202.27|0|40|200|
F09Q10000028|201208|301219.98|0|41|199|
F09Q10000028|201209|300233.7|0|42|198|
F09Q10000028|201210|299243.41|0|43|197|
F09Q10000028|201211|298249.1|0|44|196|
F09Q10000028|201212|297250.75|0|45|195|
F09Q10000028|201301|296248.34|0|46|194|
F09Q10000028|201302|295241.86|0|47|193|
F09Q10000028|201303|294231.29|0|48|192|
F09Q10000028|201304|293216.61|0|49|191|
F09Q10000028|201305|292197.81|0|50|190|
F09Q10000028|201306|291174.87|0|51|189|
F09Q10000028|201307|290147.78|0|52|188|
F09Q10000028|201308|289116.52|0|53|187|
F09Q10000028|201309|288081.07|0|54|186|
F09Q10000028|201310|287041.41|0|55|185|
F09Q10000028|201311|285997.53|0|56|184|
F09Q10000028|201312|284949.4|0|57|183|
F09Q10000028|201401|283897.02|0|58|182|
F09Q10000028|201402|282840.36|0|59|181|
F09Q10000028|201403|281779.41|0|60|180|
F09Q10000028|201404|280714.15|0|61|179|
F09Q10000028|201405|279644.56|0|62|178|
F09Q10000028|201406|278570.63|0|63|177|
F09Q10000028|201407|277492.33|0|64|176|
F09Q10000028|201408|276409.65|0|65|175|
F09Q10000028|201409|275322.57|0|66|174|
F09Q10000028|201410|274231.08|0|67|173|
F09Q10000028|201411|273135.15|0|68|172|
F09Q10000028|201412|272034.77|0|69|171|
F09Q10000028|201501|270929.92|0|70|170|
F09Q10000028|201502|269820.58|0|71|169|
F09Q10000028|201503|268706.74|0|72|168|
F09Q10000028|201504|267588.37|0|73|167|
F09Q10000028|201505|266465.46|0|74|166|
F09Q10000028|201506|265337.99|0|75|165|
F09Q10000028|201507|264205.94|0|76|164|
F09Q10000028|201508|263069.29|0|77|163|
F09Q10000028|201509|261928.02|0|78|162|
F09Q10000028|201510|260782.11|0|79|161|
F09Q10000028|201511|259631.55|0|80|160|
F09Q10000028|201512|258476.31|0|81|159|
F09Q10000028|201601|257316.38|0|82|158|
F09Q10000028|201602|256151.74|0|83|157|
F09Q10000028|201603|254982.37|0|84|156|
F09Q10000028|201604|253808.25|0|85|155|
F09Q10000028|201605|252629.36|0|86|154|
F09Q10000028|201606|251445.68|0|87|153|
F09Q10000028|201607|250257.19|0|88|152|
F09Q10000028|201608|249063.87|0|89|151|
F09Q10000028|201609|247865.7|0|90|150|
F09Q10000028|201610|0.0|0|91|149|N
F09Q10000030|200904|196000.0|0|0|180|
F09Q10000030|200905|195000.0|0|1|179|
F09Q10000030|200906|194000.0|0|2|178|
F09Q10000030|200907|193000.0|0|3|177|
F09Q10000030|200908|192000.0|0|4|176|
F09Q10000030|200909|192000.0|0|5|175|
F09Q10000030|200910|191000.0|0|6|174|
F09Q10000030|200911|190071.12|0|7|173|
F09Q10000030|200912|189283.89|0|8|172|
F09Q10000030|201001|188493.7|0|9|171|
F09Q10000030|201002|187700.55|0|10|170|
F09Q10000030|201003|186904.43|0|11|169|
F09Q10000030|201004|186105.32|0|12|168|
F09Q10000030|201005|185303.21|0|13|167|
F09Q10000030|201006|184498.1|0|14|166|
F09Q10000030|201007|183689.97|0|15|165|
F09Q10000030|201008|182878.81|0|16|164|
F09Q10000030|201009|182064.61|0|17|163|
F09Q10000030|201010|181247.35|0|18|162|
F09Q10000030|201011|180427.03|0|19|161|
F09Q10000030|201012|179603.63|0|20|160|
F09Q10000030|201101|178777.14|0|21|159|
F09Q10000030|201102|177947.55|0|22|158|
F09Q10000030|201103|177114.85|0|23|157|
F09Q10000030|201104|176279.03|0|24|156|
F09Q10000030|201105|175440.08|0|25|155|
F09Q10000030|201106|174597.98|0|26|154|
F09Q10000030|201107|173752.72|0|27|153|
F09Q10000030|201108|172904.29|0|28|152|
F09Q10000030|201109|172052.68|0|29|151|
F09Q10000030|201110|171197.88|0|30|150|
F09Q10000030|201111|170239.87|0|31|149|
F09Q10000030|201112|169378.27|0|32|148|
F09Q10000030|201201|168513.44|0|33|147|
F09Q10000030|201202|167645.37|0|34|146|
F09Q10000030|201203|166774.04|0|35|145|
F09Q10000030|201204|165899.44|0|36|144|
F09Q10000030|201205|165021.56|0|37|143|
F09Q10000030|201206|164140.39|0|38|142|
F09Q10000030|201207|163255.92|0|39|141|
F09Q10000030|201208|162368.13|0|40|140|
F09Q10000030|201209|161477.01|0|41|139|
F09Q10000030|201210|160582.55|0|42|138|
F09Q10000030|201211|159684.73|0|43|137|
F09Q10000030|201212|158783.55|0|44|136|
F09Q10000030|201301|157878.99|0|45|135|
F09Q10000030|201302|156971.04|0|46|134|
F09Q10000030|201303|156059.68|0|47|133|
F09Q10000030|201304|155144.9|0|48|132|
F09Q10000030|201305|154226.69|0|49|131|
F09Q10000030|201306|153305.04|0|50|130|
F09Q10000030|201307|152379.93|0|51|129|
F09Q10000030|201308|151451.35|0|52|128|
F09Q10000030|201309|150519.29|0|53|127|
F09Q10000030|201310|149483.74|0|54|126|
F09Q10000030|201311|148544.3|0|55|125|
F09Q10000030|201312|147601.34|0|56|124|
F09Q10000030|201401|146654.85|0|57|123|
F09Q10000030|201402|145704.81|0|58|122|
F09Q10000030|201403|144751.2|0|59|121|
F09Q10000030|201404|143794.02|0|60|120|
F09Q10000030|201405|142833.25|0|61|119|
F09Q10000030|201406|141868.87|0|62|118|
F09Q10000030|201407|140900.88|0|63|117|
F09Q10000030|201408|139929.26|0|64|116|
F09Q10000030|201409|138953.99|0|65|115|
F09Q10000030|201410|137975.07|0|66|114|
F09Q10000030|201411|136992.48|0|67|113|
F09Q10000030|201412|136006.2|0|68|112|
F09Q10000030|201501|135016.22|0|69|111|
F09Q10000030|201502|134022.53|0|70|110|
F09Q10000030|201503|133025.11|0|71|109|
F09Q10000030|201504|132023.95|0|72|108|
F09Q10000030|201505|131019.04|0|73|107|
F09Q10000030|201506|130010.36|0|74|106|
F09Q10000030|201507|128997.9|0|75|105|
F09Q10000030|201508|127981.64|0|76|104|
F09Q10000030|201509|126961.57|0|77|103|
F09Q10000030|201510|125937.68|0|78|102|
F09Q10000030|201511|124909.95|0|79|101|
F09Q10000030|201512|123878.36|0|80|100|
F09Q10000030|201601|122842.9|0|81|99|
F09Q10000030|201602|121803.56|0|82|98|
F09Q10000030|201603|120760.32|0|83|97|
F09Q10000030|201604|119713.17|0|84|96|
F09Q10000030|201605|118662.09|0|85|95|
F09Q10000030|201606|117607.07|0|86|94|
F09Q10000030|201607|116548.1|0|87|93|
F09Q10000030|201608|115485.16|0|88|92|
F09Q10000030|201609|114418.23|0|89|91|
F09Q10000030|201610|113347.3|0|90|90|
F09Q10000030|201611|112272.35|0|91|89|
F09Q10000030|201612|111193.37|0|92|88|
F09Q10000030|201701|110110.35|0|93|87|
F09Q10000030|201702|109023.26|0|94|86|
F09Q10000030|201703|107932.1|0|95|85|
F09Q10000030|201704|106836.85|0|96|84|
F09Q10000030|201705|105737.49|0|97|83|
F09Q10000030|201706|104634.01|0|98|82|
F09Q10000030|201707|103526.39|0|99|81|
F09Q10000030|201708|102414.61|0|100|80|
F09Q10000030|201709|101298.66|0|101|79|
F09Q10000030|201710|100178.53|0|102|78|
F09Q10000030|201711|99054.2|0|103|77|
F09Q10000030|201712|97925.65|0|104|76|
F09Q10000030|201801|96792.87|0|105|75|
F09Q10000030|201802|95655.84|0|106|74|
F09Q10000030|201803|94514.55|0|107|73|
F09Q10000030|201804|93368.98|0|108|72|
F09Q10000030|201805|92219.11|0|109|71|
F09Q10000030|201806|91064.93|0|110|70|
F09Q10000030|201807|89906.42|0|111|69|
F09Q10000030|201808|88243.57|0|112|68|
F09Q10000030|201809|87074.48|0|113|67|
F09Q10000030|201810|85901.01|0|114|66|
F09Q10000030|201811|84723.14|0|115|65|
F09Q10000030|201812|83240.85|0|116|64|
F09Q10000030|201901|82053.0|0|117|63|
F09Q10000030|201902|80860.7|0|118|62|
F09Q10000030|201903|79663.93|0|119|61|
F09Q10000030|201904|78462.67|0|120|60|
F09Q10000030|201905|77256.91|0|121|59|
F09Q10000030|201906|76046.62|0|122|58|
F09Q10000030|201907|74831.79|0|123|57|
F09Q10000030|201908|73612.41|0|124|56|
F09Q10000030|201909|72388.46|0|125|55|
F09Q10000030|201910|71159.92|0|126|54|
F09Q10000030|201911|69926.77|0|127|53|
F09Q10000030|201912|68689.0|0|128|52|
F09Q10000030|202001|67446.58|0|129|51|
F09Q10000030|202002|66199.5|0|130|50|
F09Q10000030|202003|64947.75|0|131|49|
F09Q10000030|202004|63691.3|0|132|48|
F09Q10000030|202005|62430.14|0|133|47|
F09Q10000030|202006|61164.25|0|134|46|
F09Q10000030|202007|59893.62|0|135|45|
F09Q10000030|202008|58618.22|0|136|44|
F09Q10000030|202009|57338.04|0|137|43|
F09Q10000030|202010|56053.06|0|138|42|
F09Q10000030|202011|54763.26|0|139|41|
F09Q10000030|202012|52968.62|0|140|40|
F09Q10000030|202101|51667.25|0|141|39|
F09Q10000030|202102|49049.85|0|142|38|
F09Q10000030|202103|49049.85|0|143|37|
F09Q10000056|200903|417000.0|0|0|360|
F09Q10000056|200904|416000.0|0|1|359|
F09Q10000056|200905|416000.0|0|2|358|
F09Q10000056|200906|415000.0|0|3|357|
F09Q10000056|200907|415000.0|0|4|356|
F09Q10000056|200908|414000.0|0|5|355|
F09Q10000056|200909|414000.0|0|6|354|
F09Q10000056|200910|301283.58|0|7|353|
F09Q10000056|200911|300300.89|0|8|352|
F09Q10000056|200912|299314.31|0|9|351|
F09Q10000056|201001|298323.83|0|10|350|
F09Q10000056|201002|297329.43|0|11|349|
F09Q10000056|201003|296331.09|0|12|348|
F09Q10000056|201004|295328.8|0|13|347|
F09Q10000056|201005|294322.54|0|14|346|
F09Q10000056|201006|293312.3|0|15|345|
F09Q10000056|201007|291279.8|0|16|344|
F09Q10000056|201008|290257.51|0|17|343|
F09Q10000056|201009|288200.78|0|18|342|
F09Q10000056|201010|287166.3|0|19|341|
F09Q10000056|201011|286127.73|0|20|340|
F09Q10000056|201012|286127.73|0|21|339|
F09Q10000056|201101|286127.73|0|22|338|
F09Q10000056|201102|285085.05|0|23|337|
F09Q10000056|201103|284038.24|0|24|336|
F09Q10000056|201104|282987.29|0|25|335|
F09Q10000056|201105|281932.18|0|26|334|
F09Q10000056|201106|280872.89|0|27|333|
F09Q10000056|201107|278741.72|0|28|332|
F09Q10000056|201108|277669.8|0|29|331|
F09Q10000056|201109|276593.64|0|30|330|
F09Q10000056|201110|276593.64|0|31|329|
F09Q10000056|201111|275513.22|0|32|328|
F09Q10000056|201112|274428.52|0|33|327|
F09Q10000056|201201|273339.53|0|34|326|
F09Q10000056|201202|272246.23|0|35|325|
F09Q10000056|201203|271148.6|0|36|324|
F09Q10000056|201204|270046.63|0|37|323|
F09Q10000056|201205|268940.29|0|38|322|
F09Q10000056|201206|267829.58|0|39|321|
F09Q10000056|201207|266714.47|0|40|320|
F09Q10000056|201208|265594.94|0|41|319|
F09Q10000056|201209|264470.98|0|42|318|
F09Q10000056|201210|263342.57|0|43|317|
F09Q10000056|201211|262209.7|0|44|316|
F09Q10000056|201212|261072.34|0|45|315|
F09Q10000056|201301|259930.48|0|46|314|
F09Q10000056|201302|258784.1|0|47|313|
F09Q10000056|201303|0.0|0|48|312|N
F09Q10000061|200903|169000.0|0|0|360|
F09Q10000061|200904|169000.0|0|1|359|
F09Q10000061|200905|168000.0|0|2|358|
F09Q10000061|200906|168000.0|0|3|357|
F09Q10000061|200907|168000.0|0|4|356|
F09Q10000061|200908|168000.0|0|5|355|
F09Q10000061|200909|168000.0|0|6|354|
F09Q10000061|200910|167300.63|0|7|353|
F09Q10000061|200911|167300.63|0|8|352|
F09Q10000061|200912|166882.03|0|9|351|
F09Q10000061|201001|166882.03|0|10|350|
F09Q10000061|201002|166460.05|0|11|349|
F09Q10000061|201003|166247.74|0|12|348|
F09Q10000061|201004|166034.55|0|13|347|
F09Q10000061|201005|165820.47|0|14|346|
F09Q10000061|201006|165605.5|0|15|345|
F09Q10000061|201007|165389.63|0|16|344|
F09Q10000061|201008|165172.86|0|17|343|
F09Q10000061|201009|164955.19|0|18|342|
F09Q10000061|201010|164736.61|0|19|341|
F09Q10000061|201011|164517.12|0|20|340|
F09Q10000061|201012|164296.72|0|21|339|
F09Q10000061|201101|164075.4|0|22|338|
F09Q10000061|201102|163853.16|0|23|337|
F09Q10000061|201103|163629.99|0|24|336|
F09Q10000061|201104|163405.89|0|25|335|
F09Q10000061|201105|163180.86|0|26|334|
F09Q10000061|201106|162954.89|0|27|333|
F09Q10000061|201107|162727.98|0|28|332|
F09Q10000061|201108|162500.12|0|29|331|
F09Q10000061|201109|162271.31|0|30|330|
F09Q10000061|201110|162041.55|0|31|329|
F09Q10000061|201111|161810.83|0|32|328|
F09Q10000061|201112|161579.15|0|33|327|
F09Q10000061|201201|161346.51|0|34|326|
F09Q10000061|201202|161112.9|0|35|325|
F09Q10000061|201203|160878.31|0|36|324|
F09Q10000061|201204|160642.75|0|37|323|
F09Q10000061|201205|160406.2|0|38|322|
F09Q10000061|201206|160168.67|0|39|321|
F09Q10000061|201207|159930.15|0|40|320|
F09Q10000061|201208|0.0|0|41|319|N
F09Q10000067|200903|99000.0|0|0|360|
F09Q10000067|200904|99000.0|0|1|359|
F09Q10000067|200905|99000.0|0|2|358|
F09Q10000067|200906|99000.0|0|3|357|
F09Q10000067|200907|98000.0|0|4|356|
F09Q10000067|200908|98000.0|0|5|355|
F09Q10000067|200909|98000.0|0|6|354|
F09Q10000067|200910|98117.7|0|7|353|
F09Q10000067|200911|97989.65|0|8|352|
F09Q10000067|200912|97861.1|0|9|351|
F09Q10000067|201001|97732.04|0|10|350|
F09Q10000067|201002|97602.47|0|11|349|
F09Q10000067|201003|97472.38|0|12|348|
F09Q10000067|201004|97341.78|0|13|347|
F09Q10000067|201005|97210.66|0|14|346|
F09Q10000067|201006|97079.02|0|15|345|
F09Q10000067|201007|96946.86|0|16|344|
F09Q10000067|201008|96814.18|0|17|343|
F09Q10000067|201009|96680.97|0|18|342|
F09Q10000067|201010|96547.24|0|19|341|
F09Q10000067|201011|96412.98|0|20|340|
F09Q10000067|201012|96278.18|0|21|339|
F09Q10000067|201101|96142.85|0|22|338|
F09Q10000067|201102|96006.99|0|23|337|
F09Q10000067|201103|95870.59|0|24|336|
F09Q10000067|201104|95733.65|0|25|335|
F09Q10000067|201105|95596.17|0|26|334|
F09Q10000067|201106|95458.14|0|27|333|
F09Q10000067|201107|95319.57|0|28|332|
F09Q10000067|201108|95180.45|0|29|331|
F09Q10000067|201109|95040.78|0|30|330|
F09Q10000067|201110|94900.55|0|31|329|
F09Q10000067|201111|94759.77|0|32|328|
F09Q10000067|201112|94618.43|0|33|327|
F09Q10000067|201201|94476.53|0|34|326|
F09Q10000067|201202|94334.07|0|35|325|
F09Q10000067|201203|94191.05|0|36|324|
F09Q10000067|201204|94047.46|0|37|323|
F09Q10000067|201205|93903.3|0|38|322|
F09Q10000067|201206|93758.57|0|39|321|
F09Q10000067|201207|93613.27|0|40|320|
F09Q10000067|201208|93467.39|0|41|319|
F09Q10000067|201209|93320.94|0|42|318|
F09Q10000067|201210|93173.91|0|43|317|
F09Q10000067|201211|93026.29|0|44|316|
F09Q10000067|201212|92878.09|0|45|315|
F09Q10000067|201301|92729.3|0|46|314|
F09Q10000067|201302|92579.92|0|47|313|
F09Q10000067|201303|92429.95|0|48|312|
F09Q10000067|201304|92279.39|0|49|311|
F09Q10000067|201305|92128.23|0|50|310|
F09Q10000067|201306|91976.47|0|51|309|
F09Q10000067|201307|91824.11|0|52|308|
F09Q10000067|201308|91671.15|0|53|307|
F09Q10000067|201309|91517.58|0|54|306|
F09Q10000067|201310|91179.84|0|55|305|
F09Q10000067|201311|91024.33|0|56|304|
F09Q10000067|201312|90868.2|0|57|303|
F09Q10000067|201401|90711.46|0|58|302|
F09Q10000067|201402|90554.1|0|59|301|
F09Q10000067|201403|90396.11|0|60|300|
F09Q10000067|201404|90237.5|0|61|299|
F09Q10000067|201405|90078.26|0|62|298|
F09Q10000067|201406|89918.39|0|63|297|
F09Q10000067|201407|89757.89|0|64|296|
F09Q10000067|201408|89596.75|0|65|295|
F09Q10000067|201409|89434.97|0|66|294|
F09Q10000067|201410|89272.55|0|67|293|
F09Q10000067|201411|89109.49|0|68|292|
F09Q10000067|201412|88945.79|0|69|291|
F09Q10000067|201501|88781.44|0|70|290|
F09Q10000067|201502|88616.44|0|71|289|
F09Q10000067|201503|88450.78|0|72|288|
F09Q10000067|201504|88284.47|0|73|287|
F09Q10000067|201505|88117.5|0|74|286|
F09Q10000067|201506|87849.87|0|75|285|
F09Q10000067|201507|87581.18|0|76|284|
F09Q10000067|201508|87311.43|0|77|283|
F09Q10000067|201509|87040.61|0|78|282|
F09Q10000067|201510|86768.72|0|79|281|
F09Q10000067|201511|86495.75|0|80|280|
F09Q10000067|201512|86221.7|0|81|279|
F09Q10000067|201601|85946.56|0|82|278|
F09Q10000067|201602|85670.34|0|83|277|
F09Q10000067|201603|85393.02|0|84|276|
F09Q10000067|201604|85114.6|0|85|275|
F09Q10000067|201605|84835.08|0|86|274|
F09Q10000067|201606|84554.46|0|87|273|
F09Q10000067|201607|84272.72|0|88|272|
F09Q10000067|201608|83989.87|0|89|271|
F09Q10000067|201609|83705.9|0|90|270|
F09Q10000067|201610|83420.81|0|91|269|
F09Q10000067|201611|83134.59|0|92|268|
F09Q10000067|201612|82847.23|0|93|267|
F09Q10000067|201701|82558.74|0|94|266|
F09Q10000067|201702|82269.11|0|95|265|
F09Q10000067|201703|81978.33|0|96|264|
F09Q10000067|201704|81686.4|0|97|263|
F09Q10000067|201705|81393.31|0|98|262|
F09Q10000067|201706|81099.06|0|99|261|
F09Q10000067|201707|80803.65|0|100|260|
F09Q10000067|201708|80507.07|0|101|259|
F09Q10000067|201709|80209.31|0|102|258|
F09Q10000067|201710|79910.38|0|103|257|
F09Q10000067|201711|79609.87|0|104|256|
F09Q10000067|201712|79308.56|0|105|255|
F09Q10000067|201801|79006.06|0|106|254|
F09Q10000067|201802|78602.36|0|107|253|
F09Q10000067|201803|78197.06|0|108|252|
F09Q10000067|201804|77790.16|0|109|251|
F09Q10000067|201805|77381.65|0|110|250|
F09Q10000067|201806|76971.52|0|111|249|
F09Q10000067|201807|76559.77|0|112|248|
F09Q10000067|201808|76146.39|0|113|247|
F09Q10000067|201809|75731.37|0|114|246|
F09Q10000067|201810|75314.71|0|115|245|
F09Q10000067|201811|74896.4|0|116|244|
F09Q10000067|201812|74476.43|0|117|243|
F09Q10000067|201901|74054.8|0|118|242|
F09Q10000067|201902|73631.5|0|119|241|
F09Q10000067|201903|73206.53|0|120|240|
F09Q10000067|201904|72779.88|0|121|239|
F09Q10000067|201905|72351.54|0|122|238|
F09Q10000067|201906|71921.5|0|123|237|
F09Q10000067|201907|71489.76|0|124|236|
F09Q10000067|201908|71056.31|0|125|235|
F09Q10000067|201909|70621.14|0|126|234|
F09Q10000067|201910|70184.25|0|127|233|
F09Q10000067|201911|69745.63|0|128|232|
F09Q10000067|201912|69305.28|0|129|231|
F09Q10000067|202001|68863.18|0|130|230|
F09Q10000067|202002|68419.33|0|131|229|
F09Q10000067|202003|67973.73|0|132|228|
F09Q10000067|202004|67526.36|0|133|227|
F09Q10000067|202005|67077.22|0|134|226|
F09Q10000067|202006|66626.3|0|135|225|
F09Q10000067|202007|66173.6|0|136|224|
F09Q10000067|202008|65619.11|0|137|223|
F09Q10000067|202009|65062.42|0|138|222|
F09Q10000067|202010|64503.53|0|139|221|
F09Q10000067|202011|63942.43|0|140|220|
F09Q10000067|202012|63379.11|0|141|219|
F09Q10000067|202101|62813.56|0|142|218|
F09Q10000067|202102|62245.77|0|143|217|
F09Q10000067|202103|61675.73|0|144|216|
F09Q10000077|200902|396000.0|0|0|180|
F09Q10000077|200903|394000.0|0|1|179|
F09Q10000077|200904|392000.0|0|2|178|
F09Q10000077|200905|390000.0|0|3|177|
F09Q10000077|200906|388000.0|0|4|176|
F09Q10000077|200907|386000.0|0|5|175|
F09Q10000077|200908|384000.0|0|6|174|
F09Q10000077|200909|381900.89|0|7|173|
F09Q10000077|200910|379818.78|0|8|172|
F09Q10000077|200911|377728.65|0|9|171|
F09Q10000077|200912|375630.46|0|10|170|
F09Q10000077|201001|373524.18|0|11|169|
F09Q10000077|201002|371409.78|0|12|168|
F09Q10000077|201003|369287.24|0|13|167|
F09Q10000077|201004|367156.51|0|14|166|
F09Q10000077|201005|365017.57|0|15|165|
F09Q10000077|201006|362870.39|0|16|164|
F09Q10000077|201007|360714.93|0|17|163|
F09Q10000077|201008|358551.17|0|18|162|
F09Q10000077|201009|356379.07|0|19|161|
F09Q10000077|201010|354198.59|0|20|160|
F09Q10000077|201011|352009.71|0|21|159|
F09Q10000077|201012|349812.39|0|22|158|
F09Q10000077|201101|347606.61|0|23|157|
F09Q10000077|201102|345392.32|0|24|156|
F09Q10000077|201103|343169.5|0|25|155|
F09Q10000077|201104|340938.11|0|26|154|
F09Q10000077|201105|338698.12|0|27|153|
F09Q10000077|201106|336449.5|0|28|152|
F09Q10000077|201107|334192.21|0|29|151|
F09Q10000077|201108|331926.22|0|30|150|
F09Q10000077|201109|329651.5|0|31|149|
F09Q10000077|201110|327368.01|0|32|148|
F09Q10000077|201111|325075.72|0|33|147|
F09Q10000077|201112|322774.6|0|34|146|
F09Q10000077|201201|320464.61|0|35|145|
F09Q10000077|201202|318145.71|0|36|144|
F09Q10000077|201203|315817.88|0|37|143|
F09Q10000077|201204|313481.07|0|38|142|
F09Q10000077|201205|311135.26|0|39|141|
F09Q10000077|201206|308780.41|0|40|140|
F09Q10000077|201207|306416.48|0|41|139|
F09Q10000077|201208|304043.44|0|42|138|
F09Q10000077|201209|301661.25|0|43|137|
F09Q10000077|201210|299269.88|0|44|136|
F09Q10000077|201211|296869.3|0|45|135|
F09Q10000077|201212|294459.46|0|46|134|
F09Q10000077|201301|292040.34|0|47|133|
F09Q10000077|201302|289611.89|0|48|132|
F09Q10000077|201303|287174.08|0|49|131|
F09Q10000077|201304|0.0|0|50|130|N
F09Q10000085|200902|65000.0|0|0|360|
F09Q10000085|200903|65000.0|0|1|359|
F09Q10000085|200904|65000.0|0|2|358|
F09Q10000085|200905|65000.0|0|3|357|
F09Q10000085|200906|65000.0|0|4|356|
F09Q10000085|200907|65000.0|0|5|355|
F09Q10000085|200908|65000.0|0|6|354|
F09Q10000085|200909|64446.43|0|7|353|
F09Q10000085|200910|64446.43|0|8|352|
F09Q10000085|200911|64285.29|0|9|351|
F09Q10000085|200912|64204.22|0|10|350|
F09Q10000085|201001|64122.81|0|11|349|
F09Q10000085|201002|64041.06|0|12|348|
F09Q10000085|201003|63958.97|0|13|347|
F09Q10000085|201004|63876.54|0|14|346|
F09Q10000085|201005|63793.76|0|15|345|
F09Q10000085|201006|63698.64|0|16|344|
F09Q10000085|201007|63615.12|0|17|343|
F09Q10000085|201008|63531.25|0|18|342|
F09Q10000085|201009|63447.03|0|19|341|
F09Q10000085|201010|63362.46|0|20|340|
F09Q10000085|201011|63277.54|0|21|339|
F09Q10000085|201012|63192.27|0|22|338|
F09Q10000085|201101|63106.64|0|23|337|
F09Q10000085|201102|63020.65|0|24|336|
F09Q10000085|201103|62934.31|0|25|335|
F09Q10000085|201104|62847.61|0|26|334|
F09Q10000085|201105|62760.55|0|27|333|
F09Q10000085|201106|62673.12|0|28|332|
F09Q10000085|201107|62585.33|0|29|331|
F09Q10000085|201108|62497.17|0|30|330|
F09Q10000085|201109|62408.64|0|31|329|
F09Q10000085|201110|62319.75|0|32|328|
F09Q10000085|201111|62230.49|0|33|327|
F09Q10000085|201112|62140.85|0|34|326|
F09Q10000085|201201|62050.84|0|35|325|
F09Q10000085|201202|61960.46|0|36|324|
F09Q10000085|201203|61869.7|0|37|323|
F09Q10000085|201204|61778.56|0|38|322|
F09Q10000085|201205|61687.04|0|39|321|
F09Q10000085|201206|61595.14|0|40|320|
F09Q10000085|201207|61502.86|0|41|319|
F09Q10000085|201208|0.0|0|42|318|N
F09Q10000100|200902|170000.0|0|0|360|
F09Q10000100|200903|170000.0|0|1|359|
F09Q10000100|200904|170000.0|0|2|358|
F09Q10000100|200905|169000.0|0|3|357|
F09Q10000100|200906|169000.0|0|4|356|
F09Q10000100|200907|169000.0|0|5|355|
F09Q10000100|200908|169000.0|0|6|354|
F09Q10000100|200909|168484.93|0|7|353|
F09Q10000100|200910|168265.05|0|8|352|
F09Q10000100|200911|168044.3|0|9|351|
F09Q10000100|200912|167822.68|0|10|350|
F09Q10000100|201001|167600.18|0|11|349|
F09Q10000100|201002|167376.8|0|12|348|
F09Q10000100|201003|167152.53|0|13|347|
F09Q10000100|201004|166927.38|0|14|346|
F09Q10000100|201005|166701.33|0|15|345|
F09Q10000100|201006|166474.39|0|16|344|
F09Q10000100|201007|166246.55|0|17|343|
F09Q10000100|201008|166017.81|0|18|342|
F09Q10000100|201009|165788.16|0|19|341|
F09Q10000100|201010|165557.6|0|20|340|
F09Q10000100|201011|165326.13|0|21|339|
F09Q10000100|201012|165093.75|0|22|338|
F09Q10000100|201101|164860.45|0|23|337|
F09Q10000100|201102|164626.22|0|24|336|
F09Q10000100|201103|164391.07|0|25|335|
F09Q10000100|201104|164154.98|0|26|334|
F09Q10000100|201105|163917.96|0|27|333|
F09Q10000100|201106|163680.0|0|28|332|
F09Q10000100|201107|163441.1|0|29|331|
F09Q10000100|201108|163201.25|0|30|330|
F09Q10000100|201109|162960.45|0|31|329|
F09Q10000100|201110|162718.7|0|32|328|
F09Q10000100|201111|162475.99|0|33|327|
F09Q10000100|201112|162232.32|0|34|326|
F09Q10000100|201201|161987.69|0|35|325|
F09Q10000100|201202|161742.09|0|36|324|
F09Q10000100|201203|161495.52|0|37|323|
F09Q10000100|201204|161247.97|0|38|322|
F09Q10000100|201205|160999.44|0|39|321|
F09Q10000100|201206|160749.93|0|40|320|
F09Q10000100|201207|160499.43|0|41|319|
F09Q10000100|201208|160247.94|0|42|318|
F09Q10000100|201209|0.0|0|43|317|N
F09Q10000101|200903|150000.0|0|0|360|
F09Q10000101|200904|150000.0|0|1|359|
F09Q10000101|200905|149000.0|0|2|358|
F09Q10000101|200906|149000.0|0|3|357|
F09Q10000101|200907|149000.0|0|4|356|
F09Q10000101|200908|148000.0|0|5|355|
F09Q10000101|200909|148000.0|0|6|354|
F09Q10000101|200910|148092.66|0|7|353|
F09Q10000101|200911|147887.98|0|8|352|
F09Q10000101|200912|147887.98|0|9|351|
F09Q10000101|201001|147476.31|0|10|350|
F09Q10000101|201002|147476.31|0|11|349|
F09Q10000101|201003|147269.32|0|12|348|
F09Q10000101|201004|146853.0|0|13|347|
F09Q10000101|201005|146853.0|0|14|346|
F09Q10000101|201006|146543.67|0|15|345|
F09Q10000101|201007|146233.18|0|16|344|
F09Q10000101|201008|145921.52|0|17|343|
F09Q10000101|201009|145608.7|0|18|342|
F09Q10000101|201010|145608.7|0|19|341|
F09Q10000101|201011|144969.49|0|20|340|
F09Q10000101|201012|144653.1|0|21|339|
F09Q10000101|201101|144335.52|0|22|338|
F09Q10000101|201102|144335.52|0|23|337|
F09Q10000101|201103|143696.78|0|24|336|
F09Q10000101|201104|143696.78|0|25|335|
F09Q10000101|201105|143053.24|0|26|334|
F09Q10000101|201106|142729.66|0|27|333|
F09Q10000101|201107|142404.87|0|28|332|
F09Q10000101|201108|142078.86|0|29|331|
F09Q10000101|201109|141751.63|0|30|330|
F09Q10000101|201110|141423.17|0|31|329|
F09Q10000101|201111|141093.48|0|32|328|
F09Q10000101|201112|140762.55|0|33|327|
F09Q10000101|201201|140430.38|0|34|326|
F09Q10000101|201202|140096.96|0|35|325|
F09Q10000101|201203|140096.96|0|36|324|
F09Q10000101|201204|0.0|0|37|323|N
F09Q10000107|200902|300000.0|0|0|360|
F09Q10000107|200903|300000.0|0|1|359|
F09Q10000107|200904|299000.0|0|2|358|
F09Q10000107|200905|299000.0|0|3|357|
F09Q10000107|200906|299000.0|0|4|356|
F09Q10000107|200907|298000.0|0|5|355|
F09Q10000107|200908|298000.0|0|6|354|
F09Q10000107|200909|297386.24|0|7|353|
F09Q10000107|200910|297006.75|0|8|352|
F09Q10000107|200911|296625.72|0|9|351|
F09Q10000107|200912|296243.14|0|10|350|
F09Q10000107|201001|295859.01|0|11|349|
F09Q10000107|201002|295473.32|0|12|348|
F09Q10000107|201003|295086.06|0|13|347|
F09Q10000107|201004|295086.06|0|14|346|
F09Q10000107|201005|294306.82|0|15|345|
F09Q10000107|201006|293914.82|0|16|344|
F09Q10000107|201007|293521.23|0|17|343|
F09Q10000107|201008|293126.04|0|18|342|
F09Q10000107|201009|292729.24|0|19|341|
F09Q10000107|201010|292330.83|0|20|340|
F09Q10000107|201011|291930.8|0|21|339|
F09Q10000107|201012|291930.8|0|22|338|
F09Q10000107|201101|291059.58|0|23|337|
F09Q10000107|201102|290508.72|0|24|336|
F09Q10000107|201103|290101.29|0|25|335|
F09Q10000107|201104|289692.21|0|26|334|
F09Q10000107|201105|289281.46|0|27|333|
F09Q10000107|201106|288869.05|0|28|332|
F09Q10000107|201107|288454.96|0|29|331|
F09Q10000107|201108|288039.19|0|30|330|
F09Q10000107|201109|288039.19|0|31|329|
F09Q10000107|201110|287621.73|0|32|328|
F09Q10000107|201111|287202.57|0|33|327|
F09Q10000107|201112|286359.14|0|34|326|
F09Q10000107|201201|285934.85|0|35|325|
F09Q10000107|201202|285508.84|0|36|324|
F09Q10000107|201203|285081.1|0|37|323|
F09Q10000107|201204|284651.62|0|38|322|
F09Q10000107|201205|284220.4|0|39|321|
F09Q10000107|201206|283787.43|0|40|320|
F09Q10000107|201207|283352.7|0|41|319|
F09Q10000107|201208|282860.34|0|42|318|
F09Q10000107|201209|282421.84|0|43|317|
F09Q10000107|201210|281981.56|0|44|316|
F09Q10000107|201211|281539.49|0|45|315|
F09Q10000107|201212|281095.62|0|46|314|
F09Q10000107|201301|0.0|0|47|313|N
F09Q10000119|200902|0.0|0|0|360|N
F09Q10000127|200902|280000.0|0|0|360|
F09Q10000127|200903|0.0|0|1|359|N
F09Q10000128|200904|216000.0|0|0|360|
F09Q10000128|200905|216000.0|0|1|359|
F09Q10000128|200906|215000.0|0|2|358|
F09Q10000128|200907|215000.0|0|3|357|
F09Q10000128|200908|215000.0|0|4|356|
F09Q10000128|200909|215000.0|0|5|355|
F09Q10000128|200910|214000.0|0|6|354|
F09Q10000128|200911|214390.19|0|7|353|
F09Q10000128|200912|213844.82|0|8|352|
F09Q10000128|201001|213844.82|0|9|351|
F09Q10000128|201002|213570.47|0|10|350|
F09Q10000128|201003|213295.01|0|11|349|
F09Q10000128|201004|212740.73|0|12|348|
F09Q10000128|201005|212740.73|0|13|347|
F09Q10000128|201006|212461.9|0|14|346|
F09Q10000128|201007|212181.94|1|15|345|
F09Q10000128|201008|211900.84|1|16|344|
F09Q10000128|201009|211618.6|1|17|343|
F09Q10000128|201010|211335.21|1|18|342|
F09Q10000128|201011|210764.97|0|19|341|
F09Q10000128|201012|210764.97|0|20|340|
F09Q10000128|201101|210478.11|0|21|339|
F09Q10000128|201102|210190.09|0|22|338|
F09Q10000128|201103|209610.53|0|23|337|
F09Q10000128|201104|209610.53|1|24|336|
F09Q10000128|201105|209318.98|0|25|335|
F09Q10000128|201106|209026.25|0|26|334|
F09Q10000128|201107|208732.33|0|27|333|
F09Q10000128|201108|208437.22|0|28|332|
F09Q10000128|201109|208140.91|0|29|331|
F09Q10000128|201110|207843.39|0|30|330|
F09Q10000128|201111|207544.66|0|31|329|
F09Q10000128|201112|207244.72|0|32|328|
F09Q10000128|201201|206943.56|0|33|327|
F09Q10000128|201202|0.0|0|34|326|N
F09Q10000140|200904|349000.0|0|0|360|
F09Q10000140|200905|348000.0|0|1|359|
F09Q10000140|200906|346000.0|0|2|358|
F09Q10000140|200907|340000.0|0|3|357|
F09Q10000140|200908|340000.0|0|4|356|
F09Q10000140|200909|338000.0|0|5|355|
F09Q10000140|200910|335000.0|0|6|354|
F09Q10000140|200911|332758.6|0|7|353|
F09Q10000140|200912|331755.77|0|8|352|
F09Q10000140|201001|331755.77|0|9|351|
F09Q10000140|201002|331251.3|0|10|350|
F09Q10000140|201003|329744.78|0|11|349|
F09Q10000140|201004|329232.14|0|12|348|
F09Q10000140|201005|328200.6|0|13|347|
F09Q10000140|201006|327681.68|0|14|346|
F09Q10000140|201007|327681.68|0|15|345|
F09Q10000140|201008|327160.66|0|16|344|
F09Q10000140|201009|326637.52|0|17|343|
F09Q10000140|201010|326112.25|0|18|342|
F09Q10000140|201011|325584.85|0|19|341|
F09Q10000140|201012|324523.62|0|20|340|
F09Q10000140|201101|323989.77|0|21|339|
F09Q10000140|201102|323453.75|0|22|338|
F09Q10000140|201103|322915.55|0|23|337|
F09Q10000140|201104|322375.16|0|24|336|
F09Q10000140|201105|321832.58|0|25|335|
F09Q10000140|201106|321287.79|0|26|334|
F09Q10000140|201107|320740.79|0|27|333|
F09Q10000140|201108|320191.57|0|28|332|
F09Q10000140|201109|319640.12|0|29|331|
F09Q10000140|201110|319086.43|0|30|330|
F09Q10000140|201111|318530.49|0|31|329|
F09Q10000140|201112|317972.29|0|32|328|
F09Q10000140|201201|317411.82|0|33|327|
F09Q10000140|201202|316849.08|0|34|326|
F09Q10000140|201203|316284.05|0|35|325|
F09Q10000140|201204|315716.72|0|36|324|
F09Q10000140|201205|315147.09|0|37|323|
F09Q10000140|201206|314575.15|0|38|322|
F09Q10000140|201207|314000.88|0|39|321|
F09Q10000140|201208|313424.28|0|40|320|
F09Q10000140|201209|312845.34|0|41|319|
F09Q10000140|201210|312264.04|0|42|318|
F09Q10000140|201211|311680.38|0|43|317|
F09Q10000140|201212|311680.38|0|44|316|
F09Q10000140|201301|310505.94|0|45|315|
F09Q10000140|201302|309915.14|0|46|314|
F09Q10000140|201303|309321.94|0|47|313|
F09Q10000140|201304|308726.33|0|48|312|
F09Q10000140|201305|308726.33|0|49|311|
F09Q10000140|201306|307527.84|0|50|310|
F09Q10000140|201307|306924.94|0|51|309|
F09Q10000140|201308|306319.59|0|52|308|
F09Q10000140|201309|305711.78|0|53|307|
F09Q10000140|201310|305101.5|0|54|306|
F09Q10000140|201311|301988.74|0|55|305|
F09Q10000140|201312|301363.34|0|56|304|
F09Q10000140|201401|299363.34|0|57|303|
F09Q10000140|201402|298727.27|0|58|302|
F09Q10000140|201403|296447.38|0|59|301|
F09Q10000140|201404|295799.47|0|60|300|
F09Q10000140|201405|295799.47|0|61|299|
F09Q10000140|201406|294495.74|0|62|298|
F09Q10000140|201407|293839.9|0|63|297|
F09Q10000140|201408|293181.39|0|64|296|
F09Q10000140|201409|291520.21|0|65|295|
F09Q10000140|201410|291520.21|0|66|294|
F09Q10000140|201411|289852.28|0|67|293|
F09Q10000140|201412|284492.0|0|68|292|
F09Q10000140|201501|283795.52|0|69|291|
F09Q10000140|201502|283795.52|0|70|290|
F09Q10000140|201503|283096.21|0|71|289|
F09Q10000140|201504|282394.06|0|72|288|
F09Q10000140|201505|280689.06|0|73|287|
F09Q10000140|201506|277977.13|0|74|286|
F09Q10000140|201507|272520.17|0|75|285|
F09Q10000140|201508|271775.05|0|76|284|
F09Q10000140|201509|271775.05|0|77|283|
F09Q10000140|201510|271026.91|0|78|282|
F09Q10000140|201511|265521.5|0|79|281|
F09Q10000140|201512|265521.5|0|80|280|
F09Q10000140|201601|262967.2|0|81|279|
F09Q10000140|201602|262967.2|0|82|278|
F09Q10000140|201603|261396.16|0|83|277|
F09Q10000140|201604|260605.85|0|84|276|
F09Q10000140|201605|257812.33|0|85|275|
F09Q10000140|201606|257812.33|0|86|274|
F09Q10000140|201607|256199.32|0|87|273|
F09Q10000140|201608|255387.9|0|88|272|
F09Q10000140|201609|254573.18|0|89|271|
F09Q10000140|201610|253755.15|0|90|270|
F09Q10000140|201611|252933.8|0|91|269|
F09Q10000140|201612|199214.02|0|92|268|
F09Q10000140|201701|0.0|0|93|267|N
F09Q10000143|200902|166000.0|0|0|180|
F09Q10000143|200903|165000.0|0|1|179|
F09Q10000143|200904|165000.0|0|2|178|
F09Q10000143|200905|164000.0|0|3|177|
F09Q10000143|200906|164000.0|0|4|176|
F09Q10000143|200907|163000.0|0|5|175|
F09Q10000143|200908|162000.0|0|6|174|
F09Q10000143|200909|161773.55|0|7|173|
F09Q10000143|200910|161158.65|0|8|172|
F09Q10000143|200911|160540.93|0|9|171|
F09Q10000143|200912|159920.38|0|10|170|
F09Q10000143|201001|159296.99|0|11|169|
F09Q10000143|201002|158670.74|0|12|168|
F09Q10000143|201003|158041.62|0|13|167|
F09Q10000143|201004|157409.62|0|14|166|
F09Q10000143|201005|156774.72|0|15|165|
F09Q10000143|201006|156136.91|0|16|164|
F09Q10000143|201007|155496.18|0|17|163|
F09Q10000143|201008|154852.51|0|18|162|
F09Q10000143|201009|154205.89|0|19|161|
F09Q10000143|201010|153556.31|0|20|160|
F09Q10000143|201011|152903.75|0|21|159|
F09Q10000143|201012|152248.2|0|22|158|
F09Q10000143|201101|151589.64|0|23|157|
F09Q10000143|201102|150928.07|0|24|156|
F09Q10000143|201103|150263.46|0|25|155|
F09Q10000143|201104|149595.81|0|26|154|
F09Q10000143|201105|148925.1|0|27|153|
F09Q10000143|201106|148251.31|0|28|152|
F09Q10000143|201107|147574.44|0|29|151|
F09Q10000143|201108|146894.46|0|30|150|
F09Q10000143|201109|146211.37|0|31|149|
F09Q10000143|201110|145525.15|0|32|148|
F09Q10000143|201111|144835.78|0|33|147|
F09Q10000143|201112|144143.25|0|34|146|
F09Q10000143|201201|143447.55|0|35|145|
F09Q10000143|201202|142748.66|0|36|144|
F09Q10000143|201203|142046.56|0|37|143|
F09Q10000143|201204|141341.25|0|38|142|
F09Q10000143|201205|140632.7|0|39|141|
F09Q10000143|201206|139920.91|0|40|140|
F09Q10000143|201207|139205.85|0|41|139|
F09Q10000143|201208|138487.52|0|42|138|
F09Q10000143|201209|137765.89|0|43|137|
F09Q10000143|201210|137040.96|0|44|136|
F09Q10000143|201211|136312.7|0|45|135|
F09Q10000143|201212|135581.11|0|46|134|
F09Q10000143|201301|134846.16|0|47|133|
F09Q10000143|201302|0.0|0|48|132|N
F09Q10000148|200902|162000.0|0|0|360|
F09Q10000148|200903|162000.0|0|1|359|
F09Q10000148|200904|162000.0|0|2|358|
F09Q10000148|200905|162000.0|0|3|357|
F09Q10000148|200906|162000.0|0|4|356|
F09Q10000148|200907|161000.0|0|5|355|
F09Q10000148|200908|161000.0|0|6|354|
F09Q10000148|200909|161068.23|0|7|353|
F09Q10000148|200910|160888.95|0|8|352|
F09Q10000148|200911|160634.05|0|9|351|
F09Q10000148|200912|160360.26|0|10|350|
F09Q10000148|201001|160085.14|0|11|349|
F09Q10000148|201002|159808.78|0|12|348|
F09Q10000148|201003|159531.27|0|13|347|
F09Q10000148|201004|159252.31|0|14|346|
F09Q10000148|201005|158972.07|0|15|345|
F09Q10000148|201006|158690.46|0|16|344|
F09Q10000148|201007|158404.85|0|17|343|
F09Q10000148|201008|158120.58|0|18|342|
F09Q10000148|201009|157834.98|0|19|341|
F09Q10000148|201010|157548.06|0|20|340|
F09Q10000148|201011|157259.8|0|21|339|
F09Q10000148|201012|156970.22|0|22|338|
F09Q10000148|201101|156679.25|0|23|337|
F09Q10000148|201102|156386.91|0|24|336|
F09Q10000148|201103|156093.25|0|25|335|
F09Q10000148|201104|155798.12|0|26|334|
F09Q10000148|201105|155501.68|0|27|333|
F09Q10000148|201106|155203.8|0|28|332|
F09Q10000148|201107|154904.58|0|29|331|
F09Q10000148|201108|154603.9|0|30|330|
F09Q10000148|201109|154301.84|0|31|329|
F09Q10000148|201110|153998.36|0|32|328|
F09Q10000148|201111|153693.43|0|33|327|
F09Q10000148|201112|153387.07|0|34|326|
F09Q10000148|201201|153079.3|0|35|325|
F09Q10000148|201202|0.0|0|36|324|N
F09Q10000151|200902|99000.0|0|0|360|
F09Q10000151|200903|99000.0|0|1|359|
F09Q10000151|200904|99000.0|0|2|358|
F09Q10000151|200905|99000.0|0|3|357|
F09Q10000151|200906|99000.0|0|4|356|
F09Q10000151|200907|98000.0|0|5|355|
F09Q10000151|200908|98000.0|0|6|354|
F09Q10000151|200909|98282.95|0|7|353|
F09Q10000151|200910|98178.5|0|8|352|
F09Q10000151|200911|98073.54|0|9|351|
F09Q10000151|200912|97968.06|0|10|350|
F09Q10000151|201001|97862.07|0|11|349|
F09Q10000151|201002|97755.56|0|12|348|
F09Q10000151|201003|97648.52|0|13|347|
F09Q10000151|201004|97540.96|0|14|346|
F09Q10000151|201005|97426.78|0|15|345|
F09Q10000151|201006|97318.14|0|16|344|
F09Q10000151|201007|97202.87|0|17|343|
F09Q10000151|201008|97093.13|0|18|342|
F09Q10000151|201009|97093.13|0|19|341|
F09Q10000151|201010|96865.94|0|20|340|
F09Q10000151|201011|96754.55|0|21|339|
F09Q10000151|201012|96642.61|0|22|338|
F09Q10000151|201101|96530.13|0|23|337|
F09Q10000151|201102|96417.1|0|24|336|
F09Q10000151|201103|96303.51|0|25|335|
F09Q10000151|201104|96189.37|0|26|334|
F09Q10000151|201105|96074.67|0|27|333|
F09Q10000151|201106|95959.41|0|28|332|
F09Q10000151|201107|95843.58|0|29|331|
F09Q10000151|201108|95843.58|0|30|330|
F09Q10000151|201109|95610.21|0|31|329|
F09Q10000151|201110|95492.67|0|32|328|
F09Q10000151|201111|95374.56|0|33|327|
F09Q10000151|201112|95255.87|0|34|326|
F09Q10000151|201201|95136.6|0|35|325|
F09Q10000151|201202|95016.74|0|36|324|
F09Q10000151|201203|94896.3|0|37|323|
F09Q10000151|201204|94775.27|0|38|322|
F09Q10000151|201205|94636.64|0|39|321|
F09Q10000151|201206|94497.34|0|40|320|
F09Q10000151|201207|94357.44|0|41|319|
F09Q10000151|201208|94357.44|0|42|318|
F09Q10000151|201209|94109.57|0|43|317|
F09Q10000151|201210|93859.18|0|44|316|
F09Q10000151|201211|93733.07|0|45|315|
F09Q10000151|201212|93606.34|0|46|314|
F09Q10000151|201301|93478.99|0|47|313|
F09Q10000151|201302|92575.99|0|48|312|
F09Q10000151|201303|92443.6|0|49|311|
F09Q10000151|201304|92310.56|0|50|310|
F09Q10000151|201305|92176.87|0|51|309|
F09Q10000151|201306|92041.52|0|52|308|
F09Q10000151|201307|0.0|0|53|307|N
F09Q10000159|200902|316000.0|0|0|360|
F09Q10000159|200903|316000.0|0|1|359|
F09Q10000159|200904|315000.0|0|2|358|
F09Q10000159|200905|315000.0|0|3|357|
F09Q10000159|200906|315000.0|0|4|356|
F09Q10000159|200907|314000.0|0|5|355|
F09Q10000159|200908|314000.0|0|6|354|
F09Q10000159|200909|313429.15|0|7|353|
F09Q10000159|200910|313055.43|0|8|352|
F09Q10000159|200911|312680.08|0|9|351|
F09Q10000159|200912|312303.09|0|10|350|
F09Q10000159|201001|311924.45|0|11|349|
F09Q10000159|201002|311544.15|0|12|348|
F09Q10000159|201003|311162.19|0|13|347|
F09Q10000159|201004|310778.55|0|14|346|
F09Q10000159|201005|310393.24|0|15|345|
F09Q10000159|201006|310006.24|0|16|344|
F09Q10000159|201007|309617.55|0|17|343|
F09Q10000159|201008|309227.16|0|18|342|
F09Q10000159|201009|308835.06|0|19|341|
F09Q10000159|201010|308441.24|0|20|340|
F09Q10000159|201011|308045.7|0|21|339|
F09Q10000159|201012|307648.43|0|22|338|
F09Q10000159|201101|307249.42|0|23|337|
F09Q10000159|201102|306848.67|0|24|336|
F09Q10000159|201103|306446.16|0|25|335|
F09Q10000159|201104|306041.89|0|26|334|
F09Q10000159|201105|305635.85|0|27|333|
F09Q10000159|201106|305228.04|0|28|332|
F09Q10000159|201107|304818.44|0|29|331|
F09Q10000159|201108|304407.05|0|30|330|
F09Q10000159|201109|303993.86|0|31|329|
F09Q10000159|201110|303578.86|0|32|328|
F09Q10000159|201111|303162.05|0|33|327|
F09Q10000159|201112|0.0|0|34|326|N
F09Q10000174|200902|173000.0|0|0|360|
F09Q10000174|200903|173000.0|0|1|359|
F09Q10000174|200904|173000.0|0|2|358|
F09Q10000174|200905|173000.0|0|3|357|
F09Q10000174|200906|173000.0|0|4|356|
F09Q10000174|200907|173000.0|0|5|355|
F09Q10000174|200908|172000.0|0|6|354|
F09Q10000174|200909|172183.5|0|7|353|
F09Q10000174|200910|171988.49|0|8|352|
F09Q10000174|200911|171792.59|0|9|351|
F09Q10000174|200912|171398.09|0|10|350|
F09Q10000174|201001|171398.09|0|11|349|
F09Q10000174|201002|170999.96|0|12|348|
F09Q10000174|201003|170999.96|0|13|347|
F09Q10000174|201004|170799.53|0|14|346|
F09Q10000174|201005|170395.91|0|15|345|
F09Q10000174|201006|170192.71|0|16|344|
F09Q10000174|201007|170192.71|0|17|343|
F09Q10000174|201008|169988.58|0|18|342|
F09Q10000174|201009|169783.51|0|19|341|
F09Q10000174|201010|169577.5|0|20|340|
F09Q10000174|201011|169162.65|0|21|339|
F09Q10000174|201012|169162.65|0|22|338|
F09Q10000174|201101|168953.8|0|23|337|
F09Q10000174|201102|168743.99|0|24|336|
F09Q10000174|201103|168533.22|0|25|335|
F09Q10000174|201104|168321.48|0|26|334|
F09Q10000174|201105|168108.77|0|27|333|
F09Q10000174|201106|167895.09|0|28|332|
F09Q10000174|201107|167680.43|0|29|331|
F09Q10000174|201108|167464.79|0|30|330|
F09Q10000174|201109|167248.16|0|31|329|
F09Q10000174|201110|167030.53|0|32|328|
F09Q10000174|201111|166811.91|0|33|327|
F09Q10000174|201112|165867.06|0|34|326|
F09Q10000174|201201|0.0|0|35|325|N
F09Q10000177|200902|124000.0|0|0|360|
F09Q10000177|200903|124000.0|0|1|359|
F09Q10000177|200904|124000.0|0|2|358|
F09Q10000177|200905|124000.0|0|3|357|
F09Q10000177|200906|123000.0|0|4|356|
F09Q10000177|200907|123000.0|0|5|355|
F09Q10000177|200908|123000.0|0|6|354|
F09Q10000177|200909|123101.9|0|7|353|
F09Q10000177|200910|122971.08|0|8|352|
F09Q10000177|200911|122839.62|0|9|351|
F09Q10000177|200912|122707.51|0|10|350|
F09Q10000177|201001|122574.76|0|11|349|
F09Q10000177|201002|122441.36|0|12|348|
F09Q10000177|201003|122307.3|0|13|347|
F09Q10000177|201004|122172.59|0|14|346|
F09Q10000177|201005|122037.22|0|15|345|
F09Q10000177|201006|121901.18|0|16|344|
F09Q10000177|201007|121764.48|0|17|343|
F09Q10000177|201008|121627.11|0|18|342|
F09Q10000177|201009|121489.07|0|19|341|
F09Q10000177|201010|121489.07|0|20|340|
F09Q10000177|201011|0.0|0|21|339|N
